000000000000000000000000000000000000000000000000000000
000000000000000000000000000000000000000000000000000000
000000000000000000000000000000000000000000000000000000
000000000000000000000000000000000000000000000000000000
000000000000000000000011111000000000000000000000000000
000000000000000000001110001100000000000000000000000000
000000000000000000011000000110000000000000000000000000
000000000000000000110000000011100000000000000000000000
000000000000000000100000000000110000000000000000000000
000000000000000001000000000000010000000000000000000000
000000000000000001000000000000011000000000000000000000
000000000000000010000000000000001100000000000000000000
000000000000000010000000000000000100000000000000000000
000000000000000010000000000000000110000000000000000000
000000000000000100000000000000000010000000000000000000
000000000000000100000000000000000010000000000000000000
000000000000000100000000000000000010000000000000000000
000000000000000100000000000000000010000000000000000000
000000000000001000000000000000000010000000000000000000
000000000000001000000000000000000010000000000000000000
000000000000001000000000000000000010000000000000000000
000000000000001000000000000000000010000000000000000000
000000000000001000000000000000000010000000000000000000
000000000000001000000000000000000100000000000000000000
000000000000001000000000000000000100000000000000000000
000000000000001000000000000000000100000000000000000000
000000000000001000000000000000001000000000000000000000
000000000000001000000000000000001000000000000000000000
000000000000000100000000000000010000000000000000000000
000000000000000100000000000000110000000000000000000000
000000000000000110000000000001100000000000000000000000
000000000000000011000000000110000000000000000000000000
000000000000000000111111111100000000000000000000000000
000000000000000000000000000000000000000000000000000000
000000000000000000000000000000000000000000000000000000
000000000000000000000000000000000000000000000000000000
