000000000000000000000000000000000000000000000000000000
000000000000000000000000000000000000000000000000000000
000000000000000000000000000000000000000000000000000000
000000000000000000000000000000000000000000000000000000
000000000000000000000000000000000000000000000000000000
000000000000000000000000001000000000000000000000000000
000000000000000000000000011000000000000000000000000000
000000000000000000000000101000000000000000000000000000
000000000000000000000011001000000000000000000000000000
000000000000000000111100001000000000000000000000000000
000000000000000000000000001000000000000000000000000000
000000000000000000000000001000000000000000000000000000
000000000000000000000000001000000000000000000000000000
000000000000000000000000001000000000000000000000000000
000000000000000000000000001000000000000000000000000000
000000000000000000000000001000000000000000000000000000
000000000000000000000000001000000000000000000000000000
000000000000000000001111111110000000000000000000000000
000000000000000000000000000000000000000000000000000000
000000000000000000000000000000000000000000000000000000
000000000000000000000000000000000000000000000000000000
000000000000000000000000000000000000000000000000000000
000000000000000000000000000000000000000000000000000000
000000000000000000000000000000000000000000000000000000
000000000000000000000000000000000000000000000000000000
000000000000000000000000000000000000000000000000000000
000000000000000000000000000000000000000000000000000000
000000000000000000000000000000000000000000000000000000
000000000000000000000000000000000000000000000000000000
000000000000000000000000000000000000000000000000000000
000000000000000000000000000000000000000000000000000000
000000000000000000000000000000000000000000000000000000
000000000000000000000000000000000000000000000000000000
000000000000000000000000000000000000000000000000000000
000000000000000000000000000000000000000000000000000000
000000000000000000000000000000000000000000000000000000
