000000000000000000000000000000000000000000000000000000
000000000000000000000000000000000000000000000000000000
000000000000000000000000000000000000000000000000000000
000000000000000000000000000000000000000000000000000000
000000000000000000000000000000000000000000000000000000
000000000000000010000000000000000000000000000000000000
000000000000000010000000000000000000000000000000000000
000000000000000010000000000000000000000000000000000000
000000000000000010000000100000000000000000000000000000
000000000000000010000000100000000000000000000000000000
000000000000000010000000100000000000000000000000000000
000000000000000010000000100000000000000000000000000000
000000000000000010000000100000000000000000000000000000
000000000000000011000000100000000000000000000000000000
000000000000000001000000110000000000000000000000000000
000000000000000001000000010000000000000000000000000000
000000000000000001100000010111000000000000000000000000
000000000000000000111111111100000000000000000000000000
000000000000000000000000010000000000000000000000000000
000000000000000000000000010000000000000000000000000000
000000000000000000000000010000000000000000000000000000
000000000000000000000000010000000000000000000000000000
000000000000000000000000010000000000000000000000000000
000000000000000000000000011000000000000000000000000000
000000000000000000000000001000000000000000000000000000
000000000000000000000000001000000000000000000000000000
000000000000000000000000000000000000000000000000000000
000000000000000000000000000000000000000000000000000000
000000000000000000000000000000000000000000000000000000
000000000000000000000000000000000000000000000000000000
000000000000000000000000000000000000000000000000000000
000000000000000000000000000000000000000000000000000000
000000000000000000000000000000000000000000000000000000
000000000000000000000000000000000000000000000000000000
000000000000000000000000000000000000000000000000000000
000000000000000000000000000000000000000000000000000000
