000000000000000000000000000000000000000000000000000000
000000000000000000000000000000000000000000000000000000
000000000000000000000000000000000000000000000000000000
000000000000000000000000000000000000000000000000000000
000000000000000001111111110000000000000000000000000000
000000000000000001000000011000000000000000000000000000
000000000000000001000000000000000000000000000000000000
000000000000000001000000000000000000000000000000000000
000000000000000001000000000000000000000000000000000000
000000000000000001000000000000000000000000000000000000
000000000000000001000000000000000000000000000000000000
000000000000000001000011111100000000000000000000000000
000000000000000001001110000111000000000000000000000000
000000000000000001110000000001100000000000000000000000
000000000000000001100000000000110000000000000000000000
000000000000000000000000000000010000000000000000000000
000000000000000000000000000000010000000000000000000000
000000000000000000000000000000010000000000000000000000
000000000000000000000000000000010000000000000000000000
000000000000000000000000000000010000000000000000000000
000000000000000000000000000000110000000000000000000000
000000000000000000000000000000100000000000000000000000
000000000000011000000000000001000000000000000000000000
000000000000001110000000000011000000000000000000000000
000000000000000011100000011100000000000000000000000000
000000000000000000011111110000000000000000000000000000
000000000000000000000000000000000000000000000000000000
000000000000000000000000000000000000000000000000000000
000000000000000000000000000000000000000000000000000000
000000000000000000000000000000000000000000000000000000
000000000000000000000000000000000000000000000000000000
000000000000000000000000000000000000000000000000000000
000000000000000000000000000000000000000000000000000000
000000000000000000000000000000000000000000000000000000
000000000000000000000000000000000000000000000000000000
000000000000000000000000000000000000000000000000000000
