000000000000000000000000000000000000000000000000000000
000000000000000000000000000000000000000000000000000000
000000000000000000000000000000000000000000000000000000
000000000000000000000000000000000000000000000000000000
000000000000000000000000000000000000000000000000000000
000000000000000000000001111110000000000000000000000000
000000000000000000111110000001111000000000000000000000
000000000000000000000000000000001100000000000000000000
000000000000000000000000000000000110000000000000000000
000000000000000000000000000000000010000000000000000000
000000000000000000000000000000000110000000000000000000
000000000000000000000000000000000100000000000000000000
000000000000000000000000000000000100000000000000000000
000000000000000000000000000000001000000000000000000000
000000000000000000000000000000001000000000000000000000
000000000000000000000000000000011000000000000000000000
000000000000000000000000011111111111000000000000000000
000000000000000000000000000000100001110000000000000000
000000000000000000000000000001100000010000000000000000
000000000000000000000000000011000000010000000000000000
000000000000000000000000000010000000000000000000000000
000000000000000000000000000110000000000000000000000000
000000000000000000000000000100000000000000000000000000
000000000000000000000000001000000000000000000000000000
000000000000000000000000011000000000000000000000000000
000000000000000000000000010000000000000000000000000000
000000000000000000000000010000000000000000000000000000
000000000000000000000000010000000000000000000000000000
000000000000000000000000000000000000000000000000000000
000000000000000000000000000000000000000000000000000000
000000000000000000000000000000000000000000000000000000
000000000000000000000000000000000000000000000000000000
000000000000000000000000000000000000000000000000000000
000000000000000000000000000000000000000000000000000000
000000000000000000000000000000000000000000000000000000
000000000000000000000000000000000000000000000000000000
