000000000000000000000000000000000000000000000000000000
000000000000000000000000000000000000000000000000000000
000000000000000000000000000000000000000000000000000000
000000000000000000000000000000000000000000000000000000
000000000000000000000000000000000000000000000000000000
000000000000000000000011111111000000000000000000000000
000000000000000000000110000000110000000000000000000000
000000000000000000001100000000010000000000000000000000
000000000000000000001000000000001000000000000000000000
000000000000000000001000000000001000000000000000000000
000000000000000000001000000000011000000000000000000000
000000000000000000001000000000110000000000000000000000
000000000000000000001000000001100000000000000000000000
000000000000000000001100000010000000000000000000000000
000000000000000000000110001100000000000000000000000000
000000000000000000000011010000000000000000000000000000
000000000000000000000001100000000000000000000000000000
000000000000000000000001111000000000000000000000000000
000000000000000000000010000100000000000000000000000000
000000000000000000000100000100000000000000000000000000
000000000000000000000100000110000000000000000000000000
000000000000000000001000000010000000000000000000000000
000000000000000000010000000010000000000000000000000000
000000000000000000010000000010000000000000000000000000
000000000000000000010000000010000000000000000000000000
000000000000000000010000000010000000000000000000000000
000000000000000000001000000110000000000000000000000000
000000000000000000001111111100000000000000000000000000
000000000000000000000000000000000000000000000000000000
000000000000000000000000000000000000000000000000000000
000000000000000000000000000000000000000000000000000000
000000000000000000000000000000000000000000000000000000
000000000000000000000000000000000000000000000000000000
000000000000000000000000000000000000000000000000000000
000000000000000000000000000000000000000000000000000000
000000000000000000000000000000000000000000000000000000
