000000000000000000000000000000000000000000000000000000
000000000000000000000000000000000000000000000000000000
000000000000000000000000000000000000000000000000000000
000000000000000000000000000000000000000000000000000000
000000000000000000000000000000000000000000000000000000
000000000000000000000111111000000000000000000000000000
000000000000000000001100000110000000000000000000000000
000000000000000000011000000011000000000000000000000000
000000000000000000010000000000100000000000000000000000
000000000000000000010000000000110000000000000000000000
000000000000000000110000000000010000000000000000000000
000000000000000000100000000000010000000000000000000000
000000000000000000100000000000011000000000000000000000
000000000000000000110000000000011000000000000000000000
000000000000000000010000000000011000000000000000000000
000000000000000000011000000000011000000000000000000000
000000000000000000001110000000111000000000000000000000
000000000000000000000011111111001000000000000000000000
000000000000000000000000000000010000000000000000000000
000000000000000000000000000000010000000000000000000000
000000000000000000000000000000010000000000000000000000
000000000000000000000000000000010000000000000000000000
000000000000000000000000000000010000000000000000000000
000000000000000000000000000000010000000000000000000000
000000000000000000000000000000010000000000000000000000
000000000000000000000000000000010000000000000000000000
000000000000000000000000000000010000000000000000000000
000000000000000000000000000000110000000000000000000000
000000000000000000000000000000100000000000000000000000
000000000000000001111000000011000000000000000000000000
000000000000000000000111111110000000000000000000000000
000000000000000000000000000000000000000000000000000000
000000000000000000000000000000000000000000000000000000
000000000000000000000000000000000000000000000000000000
000000000000000000000000000000000000000000000000000000
000000000000000000000000000000000000000000000000000000
