000000000000000000000000000000000000000000000000000000
000000000000000000000000000000000000000000000000000000
000000000000000000000000000000000000000000000000000000
000000000000000000000000000000000000000000000000000000
000000000000000000000000000000000000000000000000000000
000000000000000000000000111111100000000000000000000000
000000000000000000000001110000110000000000000000000000
000000000000000000001110000000010000000000000000000000
000000000000000000011000000000001000000000000000000000
000000000000000000110000000000000100000000000000000000
000000000000000001100010000001000110000000000000000000
000000000000000001000010000001000010000000000000000000
000000000000000010000010000001000011000000000000000000
000000000000000010000110000001100001000000000000000000
000000000000000100000000000000000001100000000000000000
000000000000000100000000000000000000100000000000000000
000000000000000100000000000000000001100000000000000000
000000000000000100000000000000000001000000000000000000
000000000000000100010000000000000001000000000000000000
000000000000000100011100000000001001000000000000000000
000000000000000100000111000000110001000000000000000000
000000000000000100000001111111100010000000000000000000
000000000000000110000000000000000110000000000000000000
000000000000000011100000000000000100000000000000000000
000000000000000000111000000000001000000000000000000000
000000000000000000001111111111110000000000000000000000
000000000000000000000000000000000000000000000000000000
000000000000000000000000000000000000000000000000000000
000000000000000000000000000000000000000000000000000000
000000000000000000000000000000000000000000000000000000
000000000000000000000000000000000000000000000000000000
000000000000000000000000000000000000000000000000000000
000000000000000000000000000000000000000000000000000000
000000000000000000000000000000000000000000000000000000
000000000000000000000000000000000000000000000000000000
000000000000000000000000000000000000000000000000000000
